57572 91.0477 91.0477 0 0 5.88333  
6738 163.204 72.1565 0 0 5.9  
96322 232.345 69.1413 0 0 5.9  
18973 300.74 68.395 0 0 5.91667  
5946 367.933 67.1928 0 0 5.91667  
2420 434.631 66.6975 0 0 5.91667  
11324 500.876 66.2456 0 0 5.93333  
4800 566.167 65.2903 0 0 5.93333  
19268 630.436 64.269 0 0 5.95  
13831 694.035 63.5989 0 0 5.95  
18918 752.248 58.2134 0 0 5.96667  
21467 810.383 58.1348 0 0 5.96667  
21760 867.98 57.5971 0 0 5.98333  
37336 924.619 56.6387 0 0 5.98333  
7428 980.946 56.3274 0 0 6  
13878 1036.36 55.413 0 0 6  
10347 1091.19 54.8273 0 0 6.01667  
98619 1145.97 54.782 0 0 6.01667  
130595 1200.54 54.5749 0 0 6.03333  
71373 1254.14 53.5954 0 0 6.03333  
46214 1307.67 53.533 0 0 6.05  
61547 1361.15 53.482 0 0 6.05  
23415 1414.6 53.4453 0 0 6.05  
12111 1467.92 53.3199 0 0 6.06667  
9221 1520.62 52.7057 0 0 6.06667  
36869 1573.23 52.604 0 0 6.06667  
13885 1625.56 52.3305 0 0 6.08333  
24948 1677.41 51.8537 0 0 6.08333  
11458 1729.01 51.5946 0 0 6.1  
9821 1780.06 51.0525 0 0 6.1  
9450 1830.91 50.8472 0 0 6.11667  
25209 1881.74 50.8322 0 0 6.11667  
63862 1932.56 50.8253 0 0 6.13333  
46912 1982.02 49.4508 0 0 6.13333  
5471 2031.34 49.323 0 0 6.15  
5768 2080.26 48.9182 0 0 6.15  
4778 2128.97 48.7137 0 0 6.15  
71988 2177.37 48.3955 0 0 6.15  
5490 2225.54 48.1752 0 0 6.16667  
22626 2273.68 48.1417 0 0 6.16667  
69477 2321.59 47.9107 0 0 6.18333  
23410 2368.9 47.3038 0 0 6.18333  
38869 2415.83 46.9316 0 0 6.2  
26707 2462.24 46.4161 0 0 6.2  
13236 2508.43 46.182 0 0 6.2  
6949 2554.44 46.017 0 0 6.21667  
36907 2600.34 45.893 0 0 6.21667  
16393 2646.04 45.6993 0 0 6.21667  
6434 2691.73 45.6909 0 0 6.23333  
38116 2737.41 45.6867 0 0 6.23333  
