57572 105.673 105.673 0 0 2.76667  0 0 317080
6738 179.712 74.0388 0 0 2.76667  0 0 9
96322 248.901 69.189 0 0 2.76667  0 0 4
18973 317.348 68.4468 0 0 2.78333  0 0 8
11324 391.108 73.7597 0 0 2.78333  0 0 4
13831 459.33 68.2226 0 0 2.78333  0 0 4
19268 527.625 68.2947 0 0 2.78333  0 0 4
4800 593.789 66.1641 0 0 2.78333  0 0 4
5946 660.874 67.085 0 0 2.8  0 0 4
2420 728.843 67.9693 0 0 2.8  0 0 4
21760 793.035 64.1917 0 0 2.81667  0 0 8
21467 852.59 59.5551 0 0 2.81667  0 0 4
61547 914.967 62.3767 0 0 2.81667  0 0 4
98619 976.292 61.3252 0 0 2.83333  0 0 4
18918 1032.96 56.6633 0 0 2.83333  0 0 4
130595 1094.43 61.4735 0 0 2.85  0 0 4
37336 1153.02 58.5898 0 0 2.85  0 0 7
12111 1210.28 57.257 0 0 2.86667  0 0 8
46214 1268.53 58.2517 0 0 2.88333  0 0 4
7428 1324.82 56.293 0 0 2.88333  0 0 4
11458 1380.5 55.6789 0 0 2.9  0 0 4
10347 1433.95 53.4478 0 0 2.91667  0 0 7
36869 1490.34 56.3894 0 0 2.91667  0 0 4
23415 1549.9 59.5593 0 0 2.93333  0 0 4
9221 1606.7 56.8044 0 0 2.95  0 0 4
24948 1660.97 54.2686 0 0 2.95  0 0 4
71373 1716.17 55.2045 0 0 2.98333  0 0 8
13885 1773.13 56.9531 0 0 2.98333  0 0 4
13878 1825.18 52.0552 0 0 3  0 0 4
63862 1882.05 56.8702 0 0 3.01667  0 0 4
46912 1932.35 50.3008 0 0 3.03333  0 0 8
22626 1981.05 48.6941 0 0 3.06667  0 0 12
69477 2033.02 51.9712 0 0 3.08333  0 0 4
9450 2080.05 47.0288 0 0 3.13333  0 0 16
5768 2132.77 52.7227 0 0 3.15  0 0 4
5471 2185.39 52.6239 0 0 3.16667  0 0 4
9821 2233.14 47.7509 0 0 3.2  0 0 12
13236 2285.07 51.9284 0 0 3.21667  0 0 4
4778 2333.55 48.481 0 0 3.23333  0 0 4
24075 2385.65 52.0953 0 0 3.25  0 0 4
36907 2432.42 46.7744 0 0 3.26667  0 0 4
12346 2478.56 46.1356 0 0 3.28333  0 0 4
16393 2528.07 49.5082 0 0 3.28333  0 0 4
5490 2577.93 49.8589 0 0 3.3  0 0 4
71988 2628.52 50.5913 0 0 3.31667  0 0 4
6434 2676.99 48.4717 0 0 3.33333  0 0 4
23410 2725.31 48.3227 0 0 3.35  0 0 4
25209 2776.95 51.6375 0 0 3.36667  0 0 4
11712 2827.26 50.3128 0 0 3.38333  0 0 4
53900 2873.88 46.6152 0 0 3.41667  0 0 8
