57572 91.0477 91.0477 0 0 5.83333  
6738 163.204 72.1565 0 0 5.85  
96322 232.345 69.1413 0 0 5.86667  
18973 300.74 68.395 0 0 5.86667  
5946 367.933 67.1928 0 0 5.86667  
2420 434.631 66.6975 0 0 5.88333  
11324 500.876 66.2456 0 0 5.88333  
4800 566.167 65.2903 0 0 5.9  
19268 630.436 64.269 0 0 5.9  
13831 694.035 63.5989 0 0 5.91667  
18918 752.248 58.2134 0 0 5.91667  
21467 810.383 58.1348 0 0 5.93333  
21760 867.98 57.5971 0 0 5.93333  
37336 924.619 56.6387 0 0 5.95  
7428 980.946 56.3274 0 0 5.95  
13878 1036.36 55.413 0 0 5.96667  
10347 1091.19 54.8273 0 0 5.96667  
98619 1145.97 54.782 0 0 5.98333  
130595 1200.54 54.5749 0 0 5.98333  
71373 1254.14 53.5954 0 0 5.98333  
46214 1307.67 53.533 0 0 6  
61547 1361.15 53.482 0 0 6  
23415 1414.6 53.4453 0 0 6  
12111 1467.92 53.3199 0 0 6.01667  
9221 1520.62 52.7057 0 0 6.01667  
36869 1573.23 52.604 0 0 6.03333  
13885 1625.56 52.3305 0 0 6.03333  
24948 1677.41 51.8537 0 0 6.05  
11458 1729.01 51.5946 0 0 6.05  
9821 1780.06 51.0525 0 0 6.06667  
9450 1830.91 50.8472 0 0 6.06667  
25209 1881.74 50.8322 0 0 6.06667  
63862 1932.56 50.8253 0 0 6.08333  
46912 1982.02 49.4508 0 0 6.08333  
5471 2031.34 49.323 0 0 6.1  
5768 2080.26 48.9182 0 0 6.1  
4778 2128.97 48.7137 0 0 6.1  
71988 2177.37 48.3955 0 0 6.11667  
5490 2225.54 48.1752 0 0 6.11667  
22626 2273.68 48.1417 0 0 6.13333  
69477 2321.59 47.9107 0 0 6.13333  
23410 2368.9 47.3038 0 0 6.13333  
38869 2415.83 46.9316 0 0 6.15  
26707 2462.24 46.4161 0 0 6.16667  
13236 2508.43 46.182 0 0 6.16667  
6949 2554.44 46.017 0 0 6.16667  
36907 2600.34 45.893 0 0 6.16667  
16393 2646.04 45.6993 0 0 6.18333  
6434 2691.73 45.6909 0 0 6.18333  
38116 2737.41 45.6867 0 0 6.2  
1443 2782.99 45.5806 0 0 6.2  
24075 2828.52 45.525 0 0 6.21667  
12346 2873.82 45.2963 0 0 6.21667  
92245 2919.1 45.2886 0 0 6.21667  
10826 2964.28 45.1737 0 0 6.21667  
33127 3009.41 45.1337 0 0 6.23333  
60377 3054.53 45.1202 0 0 6.25  
5772 3099.63 45.1028 0 0 6.25  
53900 3144.38 44.7474 0 0 6.25  
29503 3189.12 44.7357 0 0 6.26667  
55008 3233.83 44.7128 0 0 6.26667  
7175 3278.11 44.2756 0 0 6.26667  
7466 3322.37 44.264 0 0 6.28333  
41330 3366.59 44.2162 0 0 6.28333  
11712 3410.8 44.2136 0 0 6.3  
9786 3454.83 44.0337 0 0 6.3  
12821 3498.74 43.9078 0 0 6.3  
28216 3542.54 43.7952 0 0 6.31667  
7373 3586.29 43.7549 0 0 6.31667  
3993 3629.75 43.4583 0 0 6.31667  
3421 3673.06 43.3148 0 0 6.33333  
27823 3716.24 43.1789 0 0 6.33333  
6780 3759.32 43.0743 0 0 6.33333  
6758 3802.17 42.8507 0 0 6.35  
62337 3844.37 42.2019 0 0 6.35  
8028 3886.57 42.1962 0 0 6.35  
41909 3928.76 42.1945 0 0 6.35  
11124 3970.7 41.9348 0 0 6.36667  
57501 4012.42 41.726 0 0 6.36667  
977 4054.1 41.6831 0 0 6.36667  
47439 4095.75 41.6493 0 0 6.38333  
20169 4137.27 41.5128 0 0 6.38333  
52693 4178.77 41.5032 0 0 6.4  
6568 4220.26 41.4848 0 0 6.4  
104574 4261.44 41.1837 0 0 6.4  
7583 4302.57 41.1318 0 0 6.4  
9454 4343.52 40.9511 0 0 6.4  
58381 4384.31 40.793 0 0 6.41667  
33840 4425.05 40.7314 0 0 6.41667  
121385 4465.77 40.7274 0 0 6.43333  
99637 4506.35 40.5757 0 0 6.43333  
14169 4546.64 40.2887 0 0 6.43333  
56745 4586.55 39.9084 0 0 6.43333  
44450 4626.45 39.907 0 0 6.43333  
11422 4666.25 39.7919 0 0 6.45  
18112 4705.87 39.6204 0 0 6.45  
5029 4745.44 39.5689 0 0 6.45  
28006 4784.84 39.4039 0 0 6.46667  
32261 4824.19 39.3535 0 0 6.46667  
67735 4863.4 39.2083 0 0 6.46667  
18735 4902.49 39.0921 0 0 6.46667  
70602 4941.54 39.046 0 0 6.46667  
46633 4980.37 38.8344 0 0 6.48333  
38232 5019.13 38.7542 0 0 6.48333  
13452 5057.67 38.5425 0 0 6.5  
4782 5096 38.3255 0 0 6.5  
6910 5134.24 38.2399 0 0 6.51667  
106335 5172.45 38.2111 0 0 6.51667  
30168 5210.57 38.123 0 0 6.51667  
15761 5248.66 38.0853 0 0 6.53333  
22804 5286.7 38.0405 0 0 6.53333  
89546 5324.69 37.9897 0 0 6.53333  
17216 5362.54 37.8511 0 0 6.55  
87108 5400.34 37.8043 0 0 6.55  
24729 5438.04 37.7028 0 0 6.55  
10356 5475.71 37.6686 0 0 6.55  
3887 5513.14 37.4242 0 0 6.56667  
8797 5550.51 37.3697 0 0 6.56667  
20518 5587.85 37.3457 0 0 6.56667  
27628 5625.16 37.3118 0 0 6.56667  
47833 5662.42 37.2574 0 0 6.58333  
17203 5699.59 37.1663 0 0 6.58333  
64281 5736.75 37.1593 0 0 6.58333  
44647 5773.9 37.157 0 0 6.58333  
59793 5811.05 37.1448 0 0 6.6  
29825 5848.16 37.1067 0 0 6.6  
3579 5885.17 37.0159 0 0 6.61667  
17091 5922.17 36.9947 0 0 6.61667  
11961 5959.03 36.8661 0 0 6.61667  
65721 5995.89 36.8592 0 0 6.61667  
62070 6032.65 36.762 0 0 6.63333  
129196 6069.39 36.7377 0 0 6.63333  
23067 6106.11 36.723 0 0 6.63333  
11407 6142.78 36.6607 0 0 6.65  
35193 6179.35 36.5788 0 0 6.65  
53029 6215.93 36.5713 0 0 6.65  
77936 6252.39 36.4624 0 0 6.65  
34562 6288.81 36.4221 0 0 6.66667  
10055 6325.02 36.2061 0 0 6.66667  
70513 6361.2 36.1802 0 0 6.66667  
33408 6397.37 36.1775 0 0 6.68333  
41369 6433.45 36.0724 0 0 6.68333  
38955 6469.49 36.0464 0 0 6.68333  
5216 6505.42 35.9284 0 0 6.68333  
82024 6541.34 35.9184 0 0 6.7  
53612 6577.25 35.9101 0 0 6.7  
23760 6613.15 35.9016 0 0 6.7  
11763 6649.04 35.8912 0 0 6.7  
9532 6684.85 35.8093 0 0 6.71667  
30499 6720.61 35.7617 0 0 6.71667  
32222 6756.27 35.6607 0 0 6.71667  
77417 6791.85 35.5816 0 0 6.71667  
8843 6827.43 35.5768 0 0 6.73333  
6654 6862.97 35.5405 0 0 6.73333  
20957 6898.44 35.472 0 0 6.73333  
82744 6933.89 35.448 0 0 6.75  
58779 6969.29 35.3959 0 0 6.75  
216853 7004.63 35.3381 0 0 6.75  
86443 7039.96 35.3378 0 0 6.75  
29317 7075.19 35.2302 0 0 6.75  
61647 7110.29 35.097 0 0 6.75  
41368 7145.26 34.9651 0 0 6.76667  
59900 7180.17 34.9151 0 0 6.76667  
65761 7215.07 34.9038 0 0 6.76667  
34921 7249.85 34.7789 0 0 6.76667  
30029 7284.62 34.765 0 0 6.78333  
102481 7319.36 34.7369 0 0 6.78333  
8890 7354.07 34.712 0 0 6.8  
11636 7388.73 34.6631 0 0 6.8  
25010 7423.39 34.6581 0 0 6.8  
5892 7458.04 34.6532 0 0 6.8  
38604 7492.68 34.634 0 0 6.8  
59502 7527.28 34.6 0 0 6.81667  
10234 7561.85 34.571 0 0 6.81667  
44059 7596.4 34.5572 0 0 6.81667  
24419 7630.91 34.504 0 0 6.81667  
28000 7665.38 34.477 0 0 6.83333  
67143 7699.8 34.4108 0 0 6.83333  
51563 7734.19 34.3988 0 0 6.83333  
38508 7768.58 34.3871 0 0 6.83333  
54996 7802.95 34.3732 0 0 6.85  
19280 7837.33 34.3728 0 0 6.85  
11762 7871.61 34.2841 0 0 6.85  
105837 7905.88 34.266 0 0 6.85  
40365 7940.04 34.1574 0 0 6.85  
7908 7974.18 34.145 0 0 6.86667  
20454 8008.27 34.094 0 0 6.86667  
5777 8042.36 34.0848 0 0 6.86667  
54143 8076.44 34.0794 0 0 6.86667  
53644 8110.47 34.0297 0 0 6.88333  
36173 8144.48 34.0168 0 0 6.88333  
85550 8178.42 33.9314 0 0 6.88333  
14917 8212.34 33.9282 0 0 6.9  
59650 8246.26 33.9192 0 0 6.9  
31011 8280.17 33.905 0 0 6.9  
50035 8314.03 33.8601 0 0 6.9  
181514 8347.8 33.7686 0 0 6.91667  
11119 8381.55 33.7582 0 0 6.91667  
66959 8415.29 33.7392 0 0 6.91667  
5185 8448.99 33.6928 0 0 6.93333  
