57572 105.673 105.673 0 0 2.8  0 0 317080
6738 179.712 74.0388 0 0 2.8  0 0 9
96322 248.901 69.189 0 0 2.8  0 0 4
18973 317.348 68.4468 0 0 2.8  0 0 8
11324 391.108 73.7597 0 0 2.81667  0 0 4
13831 459.33 68.2226 0 0 2.81667  0 0 4
19268 527.625 68.2947 0 0 2.81667  0 0 4
4800 593.789 66.1641 0 0 2.81667  0 0 4
5946 660.874 67.085 0 0 2.83333  0 0 4
2420 728.843 67.9693 0 0 2.83333  0 0 4
21760 793.035 64.1917 0 0 2.85  0 0 8
21467 852.59 59.5551 0 0 2.85  0 0 4
61547 914.967 62.3767 0 0 2.85  0 0 4
98619 976.292 61.3252 0 0 2.86667  0 0 4
18918 1032.96 56.6633 0 0 2.86667  0 0 4
130595 1094.43 61.4735 0 0 2.86667  0 0 4
37336 1153.02 58.5898 0 0 2.88333  0 0 7
12111 1210.28 57.257 0 0 2.9  0 0 8
46214 1268.53 58.2517 0 0 2.91667  0 0 4
7428 1324.82 56.293 0 0 2.91667  0 0 4
11458 1380.5 55.6789 0 0 2.93333  0 0 4
10347 1433.95 53.4478 0 0 2.95  0 0 7
36869 1490.34 56.3894 0 0 2.95  0 0 4
23415 1549.9 59.5593 0 0 2.96667  0 0 4
9221 1606.7 56.8044 0 0 2.96667  0 0 4
24948 1660.97 54.2686 0 0 2.98333  0 0 4
71373 1716.17 55.2045 0 0 3  0 0 8
13885 1773.13 56.9531 0 0 3.01667  0 0 4
13878 1825.18 52.0552 0 0 3.03333  0 0 4
63862 1882.05 56.8702 0 0 3.03333  0 0 4
46912 1932.35 50.3008 0 0 3.06667  0 0 8
22626 1981.05 48.6941 0 0 3.1  0 0 12
69477 2033.02 51.9712 0 0 3.11667  0 0 4
9450 2080.05 47.0288 0 0 3.16667  0 0 16
5768 2132.77 52.7227 0 0 3.18333  0 0 4
5471 2185.39 52.6239 0 0 3.18333  0 0 4
9821 2233.14 47.7509 0 0 3.23333  0 0 12
13236 2285.07 51.9284 0 0 3.25  0 0 4
4778 2333.55 48.481 0 0 3.25  0 0 4
24075 2385.65 52.0953 0 0 3.26667  0 0 4
36907 2432.42 46.7744 0 0 3.28333  0 0 4
12346 2478.56 46.1356 0 0 3.3  0 0 4
16393 2528.07 49.5082 0 0 3.31667  0 0 4
5490 2577.93 49.8589 0 0 3.33333  0 0 4
71988 2628.52 50.5913 0 0 3.35  0 0 4
6434 2676.99 48.4717 0 0 3.36667  0 0 4
23410 2725.31 48.3227 0 0 3.38333  0 0 4
25209 2776.95 51.6375 0 0 3.4  0 0 4
11712 2827.26 50.3128 0 0 3.41667  0 0 4
53900 2873.88 46.6152 0 0 3.45  0 0 8
38869 2921.74 47.8612 0 0 3.46667  0 0 4
92245 2964.61 42.8677 0 0 3.63333  0 0 38
33127 3012.14 47.5372 0 0 3.66667  0 0 4
41330 3057.14 44.9959 0 0 3.68333  0 0 4
3421 3101.22 44.0831 0 0 3.7  0 0 4
7466 3147.03 45.8043 0 0 3.71667  0 0 4
29503 3192.3 45.2702 0 0 3.73333  0 0 4
6949 3240.6 48.3086 0 0 3.75  0 0 4
6780 3287.78 47.1709 0 0 3.78333  0 0 4
7373 3334.41 46.6301 0 0 3.8  0 0 4
47439 3382.2 47.795 0 0 3.81667  0 0 4
27823 3426.87 44.671 0 0 3.83333  0 0 4
41909 3472.8 45.9285 0 0 3.85  0 0 4
38116 3518.8 46.0032 0 0 3.88333  0 0 4
8028 3561.38 42.5748 0 0 3.9  0 0 4
33840 3603.06 41.6838 0 0 3.95  0 0 8
5772 3647.68 44.6203 0 0 4.03333  0 0 16
44450 3689.12 41.4343 0 0 4.05  0 0 4
5029 3731.5 42.3787 0 0 4.06667  0 0 4
129196 3772.55 41.0584 0 0 4.1  0 0 4
55008 3815.43 42.8767 0 0 4.15  0 0 8
26707 3859.16 43.7296 0 0 4.16667  0 0 4
1443 3907.27 48.1069 0 0 4.18333  0 0 4
7175 3952.09 44.8261 0 0 4.21667  0 0 4
10826 3996.18 44.089 0 0 4.23333  0 0 4
20169 4043.23 47.0524 0 0 4.25  0 0 4
58381 4088.91 45.6769 0 0 4.28333  0 0 4
62337 4130.41 41.4996 0 0 4.3  0 0 4
12821 4177.64 47.2314 0 0 4.33333  0 0 4
52693 4222 44.3622 0 0 4.35  0 0 4
9786 4264.66 42.6523 0 0 4.38333  0 0 4
14169 4310.82 46.1611 0 0 4.4  0 0 4
57501 4354.62 43.8062 0 0 4.43333  0 0 4
60377 4398.19 43.5705 0 0 4.45  0 0 4
7583 4438.09 39.893 0 0 4.53333  0 0 12
70602 4480.49 42.4011 0 0 4.55  0 0 4
6758 4524.69 44.1971 0 0 4.58333  0 0 4
15761 4569.4 44.7135 0 0 4.6  0 0 4
3993 4609.39 39.9901 0 0 4.63333  0 0 4
11422 4652.73 43.3408 0 0 4.65  0 0 4
977 4694.83 42.0971 0 0 4.68333  0 0 4
32261 4736.81 41.9787 0 0 4.71667  0 0 4
99637 4780.18 43.3692 0 0 4.73333  0 0 4
6910 4824.11 43.9363 0 0 4.76667  0 0 4
28216 4864.68 40.5714 0 0 4.78333  0 0 4
34562 4903.85 39.1662 0 0 4.81667  0 0 4
104574 4942.07 38.2194 0 0 4.86667  0 0 8
9454 4984.74 42.6713 0 0 4.93333  0 0 8
27628 5024.91 40.1694 0 0 4.95  0 0 4
46633 5065.84 40.9351 0 0 4.98333  0 0 4
13452 5104.52 38.6745 0 0 5.03333  0 0 8
28006 5142.17 37.6502 0 0 5.3  0 0 36
65721 5180.06 37.894 0 0 5.35  0 0 8
121385 5218.86 38.797 0 0 5.38333  0 0 4
24729 5259.2 40.3402 0 0 5.41667  0 0 4
6568 5299.37 40.1732 0 0 5.45  0 0 4
17216 5340.56 41.1875 0 0 5.48333  0 0 4
44647 5381.35 40.7877 0 0 5.5  0 0 4
67735 5417.3 35.9467 0 0 5.53333  0 0 4
62070 5457.84 40.5437 0 0 5.56667  0 0 4
11124 5497.95 40.1076 0 0 5.6  0 0 4
11407 5537.03 39.0859 0 0 5.63333  0 0 4
70513 5573.02 35.9863 0 0 5.71667  0 0 12
53029 5612.15 39.1303 0 0 5.75  0 0 4
8797 5649.11 36.9568 0 0 5.78333  0 0 4
16261 5685.85 36.7428 0 0 5.81667  0 0 4
881 5721.4 35.5465 0 0 5.85  0 0 4
11961 5759.42 38.0226 0 0 5.88333  0 0 4
25000 5797.06 37.6464 0 0 5.91667  0 0 4
50035 5833.62 36.5536 0 0 5.95  0 0 4
56745 5871.02 37.4021 0 0 6.08333  0 0 16
11119 5906.92 35.8954 0 0 6.1  0 0 4
7908 5944.78 37.8687 0 0 6.13333  0 0 4
19280 5982.36 37.5732 0 0 6.16667  0 0 4
10234 6020.75 38.3899 0 0 6.2  0 0 4
5722 6056.33 35.5819 0 0 6.23333  0 0 4
59502 6091.75 35.4175 0 0 6.26667  0 0 4
33408 6132.97 41.2245 0 0 6.3  0 0 4
10356 6169.82 36.8503 0 0 6.33333  0 0 4
43774 6206.21 36.3843 0 0 6.36667  0 0 4
34921 6245.24 39.0373 0 0 6.41667  0 0 4
8843 6282.62 37.3765 0 0 6.45  0 0 4
82744 6317.46 34.8373 0 0 6.48333  0 0 4
87108 6353.02 35.5603 0 0 6.51667  0 0 4
67143 6389.61 36.5963 0 0 6.58333  0 0 8
24419 6427.67 38.0561 0 0 6.61667  0 0 4
61647 6463.37 35.6988 0 0 6.65  0 0 4
47833 6498.58 35.2161 0 0 6.68333  0 0 4
162856 6533.33 34.7495 0 0 6.71667  0 0 4
38232 6571.23 37.8937 0 0 6.76667  0 0 4
35193 6607.76 36.5307 0 0 6.8  0 0 4
36043 6645.08 37.3187 0 0 6.83333  0 0 4
6650 6681.33 36.254 0 0 6.86667  0 0 4
86900 6716.26 34.9248 0 0 6.93333  0 0 8
20454 6755.04 38.7801 0 0 6.98333  0 0 4
41368 6791.66 36.6188 0 0 7.01667  0 0 4
8890 6827.27 35.6109 0 0 7.11667  0 0 12
85550 6861.12 33.8585 0 0 7.26667  0 0 16
55543 6898.91 37.7853 0 0 7.31667  0 0 4
32222 6934.87 35.9577 0 0 7.35  0 0 4
20518 6972.25 37.3855 0 0 7.38333  0 0 4
53644 7008.83 36.581 0 0 7.43333  0 0 4
70048 7043.89 35.0532 0 0 7.46667  0 0 4
64281 7077.91 34.0184 0 0 7.5  0 0 4
30499 7116.71 38.8062 0 0 7.58333  0 0 8
31011 7151.63 34.9198 0 0 7.61667  0 0 4
42609 7187.06 35.4233 0 0 7.65  0 0 4
77417 7222.94 35.8821 0 0 7.7  0 0 4
6654 7266.29 43.3542 0 0 7.73333  0 0 4
38955 7301.52 35.2314 0 0 7.76667  0 0 4
180400 7336.58 35.0524 0 0 7.81667  0 0 4
10055 7370.81 34.2363 0 0 7.9  0 0 8
8848 7407.86 37.048 0 0 7.93333  0 0 4
40365 7441.16 33.2959 0 0 8.01667  0 0 7
86443 7476.02 34.8637 0 0 8.05  0 0 4
58565 7511.28 35.2656 0 0 8.1  0 0 4
41369 7545.65 34.3706 0 0 8.13333  0 0 4
36173 7580.59 34.9324 0 0 8.18333  0 0 4
18112 7618.89 38.3038 0 0 8.21667  0 0 4
5216 7657.28 38.3906 0 0 8.26667  0 0 4
23760 7697.58 40.301 0 0 8.3  0 0 4
11763 7730.84 33.2533 0 0 8.33333  0 0 4
89546 7770.63 39.795 0 0 8.38333  0 0 4
28008 7805.49 34.8546 0 0 8.43333  0 0 4
38604 7842.07 36.5846 0 0 8.46667  0 0 4
11762 7877.27 35.1966 0 0 8.51667  0 0 4
5054 7910.94 33.6751 0 0 8.55  0 0 4
77698 7945.76 34.8189 0 0 8.6  0 0 4
17502 7980.45 34.6887 0 0 8.63333  0 0 4
53612 8017.54 37.0933 0 0 8.68333  0 0 4
66959 8052.11 34.5695 0 0 8.71667  0 0 4
22804 8089.03 36.9141 0 0 8.76667  0 0 4
29538 8123.64 34.6154 0 0 8.81667  0 0 4
17091 8162.52 38.8741 0 0 8.9  0 0 8
38508 8196.44 33.9222 0 0 8.93333  0 0 4
5185 8230.19 33.7535 0 0 8.98333  0 0 4
23067 8265.02 34.8312 0 0 9.11667  0 0 12
28000 8304.27 39.2474 0 0 9.2  0 0 8
65761 8336.97 32.6966 0 0 9.25  0 0 4
54996 8373.45 36.4812 0 0 9.3  0 0 4
14917 8407.67 34.2221 0 0 9.33333  0 0 4
45518 8441.65 33.9802 0 0 9.38333  0 0 4
5892 8476.07 34.4195 0 0 9.43333  0 0 4
79977 8511.21 35.1351 0 0 9.46667  0 0 4
30029 8549.73 38.5236 0 0 9.51667  0 0 4
95127 8582.3 32.5682 0 0 9.56667  0 0 4
97671 8616.25 33.9519 0 0 9.61667  0 0 4
3887 8652.08 35.8357 0 0 9.65  0 0 4
18735 8690.14 38.0578 0 0 9.7  0 0 4
59650 8727.74 37.5977 0 0 9.75  0 0 4
