1072 9639.3 9639.3 0 0 6822.13  
35661 18572.1 8932.76 0 0 6822.88  
482709 24364.2 5792.13 0 0 6823.57  
106 29190.8 4826.66 0 0 6824.08  
663931 33962.4 4771.54 0 0 6824.63  
363 37720.7 3758.31 0 0 6825.68  
929 41367.5 3646.77 0 0 6825.97  
808 44059.3 2691.82 0 0 6826.22  
663606 46432.4 2373.09 0 0 6826.55  
697672 48519.5 2087.11 0 0 6826.78  
832 50524.3 2004.86 0 0 6826.92  
1191 52468.6 1944.25 0 0 6827.07  
27837 54221.2 1752.66 0 0 6827.28  
108624 55912.5 1691.25 0 0 6827.48  
2687 57567.9 1655.44 0 0 6827.57  
110195 59215.1 1647.14 0 0 6827.7  
480 60824.6 1609.55 0 0 6827.87  
4719 62391.4 1566.72 0 0 6828.02  
108602 63912.3 1520.93 0 0 6828.13  
693314 65349.7 1437.39 0 0 6828.28  
1984 66727.7 1378.04 0 0 6828.35  
683704 68087.2 1359.5 0 0 6828.5  
384 69444 1356.78 0 0 6828.57  
773 70719.4 1275.45 0 0 6828.7  
666986 71992.6 1273.12 0 0 6828.85  
682734 73232.7 1240.17 0 0 6828.98  
20012 74468.8 1236.05 0 0 6829.07  
110105 75666.5 1197.76 0 0 6829.2  
663609 76864.3 1197.75 0 0 6829.3  
4 78036.1 1171.85 0 0 6829.45  
1025 79205.6 1169.45 0 0 6829.52  
5996 80368.5 1162.88 0 0 6829.58  
803 81525.5 1157.03 0 0 6829.73  
26085 82652.1 1126.57 0 0 6829.83  
688 83777.2 1125.1 0 0 6829.95  
2633 84896 1118.82 0 0 6830.03  
1024068 86014.2 1118.2 0 0 6830.15  
20364 87127.6 1113.46 0 0 6830.25  
667325 88240.3 1112.64 0 0 6830.35  
1432 89323 1082.74 0 0 6830.43  
1245 90398.1 1075.06 0 0 6830.6  
678519 91450.8 1052.7 0 0 6830.72  
155432 92499.4 1048.59 0 0 6830.83  
20922 93535.3 1035.92 0 0 6830.92  
517 94570.5 1035.19 0 0 6831.02  
664789 95588.4 1017.96 0 0 6831.22  
268337 96604.9 1016.45 0 0 6831.28  
104 97618.6 1013.73 0 0 6831.38  
668899 98630.7 1012.06 0 0 6831.47  
1491 99601 970.341 0 0 6831.57  
1274 100571 969.642 0 0 6831.65  
280436 101534 962.956 0 0 6831.75  
1490 102495 961.422 0 0 6831.87  
22 103448 953.115 0 0 6831.95  
104137 104395 947.014 0 0 6832.02  
664320 105332 937.301 0 0 6832.12  
2526 106267 934.058 0 0 6832.32  
115674 107194 927.179 0 0 6832.42  
197 108116 921.982 0 0 6832.53  
20025 109034 918.196 0 0 6832.6  
115241 109926 891.86 0 0 6832.68  
23841 110811 884.856 0 0 6832.73  
8746 111692 880.955 0 0 6832.82  
1369 112572 880.514 0 0 6832.88  
210 113453 880.495 0 0 6833.07  
707743 114329 876.442 0 0 6833.13  
1034018 115201 872.436 0 0 6833.35  
780027 116046 845.018 0 0 6833.42  
1183 116884 837.058 0 0 6833.5  
21138 117720 836.795 0 0 6833.55  
663560 118548 827.328 0 0 6833.72  
11880 119371 823.333 0 0 6833.78  
341 120188 816.829 0 0 6833.9  
940 121002 814.107 0 0 6833.97  
1846 121809 806.912 0 0 6834.25  
715186 122615 805.804 0 0 6834.32  
6511 123417 802.145 0 0 6834.37  
2845 124208 791.527 0 0 6834.43  
21473 124987 778.942 0 0 6834.5  
1099803 125762 775.183 0 0 6834.57  
656427 126534 772.063 0 0 6834.63  
1120568 127273 738.777 0 0 6834.72  
71154 127995 721.33 0 0 6834.77  
3425 128712 716.955 0 0 6834.85  
678427 129421 709.32 0 0 6834.88  
3483 130129 707.926 0 0 6834.93  
44006 130834 704.818 0 0 6835.03  
806 131536 702.809 0 0 6835.12  
884 132233 696.479 0 0 6835.18  
705289 132922 688.969 0 0 6835.23  
3100 133610 688.509 0 0 6835.33  
670353 134296 685.814 0 0 6835.4  
93540 134977 680.393 0 0 6835.45  
27804 135657 680.016 0 0 6835.48  
1211 136331 674.888 0 0 6835.53  
106355 137002 670.477 0 0 6835.6  
681398 137671 669.41 0 0 6835.65  
650922 138341 669.179 0 0 6835.72  
71076 139007 666.243 0 0 6835.77  
2662 139672 665.383 0 0 6835.78  
881 140336 664.118 0 0 6835.88  
37058 140995 659.122 0 0 6835.93  
94298 141646 650.617 0 0 6835.97  
27544 142292 646.386 0 0 6836.18  
17343 142936 643.895 0 0 6836.23  
18859 143578 642.05 0 0 6836.35  
667359 144220 641.835 0 0 6836.42  
21171 144856 635.486 0 0 6836.5  
4898 145485 628.893 0 0 6836.53  
665647 146108 623.278 0 0 6836.58  
1244 146726 618.029 0 0 6836.63  
105478 147344 617.635 0 0 6836.68  
3163 147960 616.557 0 0 6836.73  
24740 148573 612.874 0 0 6836.77  
31843 149185 612.149 0 0 6836.78  
27020 149795 609.836 0 0 6836.82  
705285 150400 604.84 0 0 6836.87  
38385 150999 598.89 0 0 6836.92  
666772 151597 598.567 0 0 6836.97  
3492 152191 594.206 0 0 6837.02  
826 152774 582.8 0 0 6837.1  
44013 153349 574.632 0 0 6837.13  
94027 153923 574.503 0 0 6837.18  
108612 154496 572.316 0 0 6837.2  
723 155067 571.091 0 0 6837.32  
1186 155636 569.268 0 0 6837.37  
1182 156205 568.535 0 0 6837.38  
3102 156769 564.52 0 0 6837.43  
4890 157332 563.295 0 0 6837.48  
104197 157893 560.573 0 0 6837.52  
682680 158444 551.162 0 0 6837.55  
1240 158988 544.186 0 0 6837.58  
686285 159528 539.971 0 0 6837.62  
181088 160066 537.342 0 0 6837.65  
357531 160601 535.525 0 0 6837.75  
718900 161137 535.44 0 0 6837.8  
716475 161660 523.026 0 0 6837.83  
697499 162180 520.577 0 0 6837.87  
681308 162699 519.109 0 0 6837.95  
122396 163217 517.35 0 0 6837.98  
179150 163733 516.55 0 0 6838.02  
1575 164248 514.323 0 0 6838.07  
376 164760 512.939 0 0 6838.1  
75544 165273 512.763 0 0 6838.15  
78731 165786 512.443 0 0 6838.17  
2783 166293 507.803 0 0 6838.22  
27815 166797 503.681 0 0 6838.25  
681709 167300 502.349 0 0 6838.28  
666717 167801 501.475 0 0 6838.32  
22015 168302 501.461 0 0 6838.35  
4956 168803 500.774 0 0 6838.38  
3307 169303 499.778 0 0 6838.42  
254927 169801 498.281 0 0 6838.45  
667437 170299 498.165 0 0 6838.48  
27802 170796 496.683 0 0 6838.53  
1259 171292 495.826 0 0 6838.6  
1227 171787 495.217 0 0 6838.65  
1014440 172273 486.067 0 0 6838.7  
17846 172757 483.844 0 0 6838.72  
404 173241 483.491 0 0 6838.82  
1986 173721 480.781 0 0 6838.85  
47 174200 478.755 0 0 6838.88  
890 174676 476.209 0 0 6838.95  
663579 175152 475.907 0 0 6838.97  
667698 175627 474.909 0 0 6839  
77839 176098 470.98 0 0 6839.05  
106991 176564 465.644 0 0 6839.08  
222725 177027 463.118 0 0 6839.1  
8424 177490 462.924 0 0 6839.12  
9292 177950 460.609 0 0 6839.17  
4222 178410 459.764 0 0 6839.2  
702 178870 459.647 0 0 6839.23  
1451 179322 452.343 0 0 6839.28  
62876 179771 448.707 0 0 6839.33  
29150 180218 447.165 0 0 6839.37  
105328 180665 447.094 0 0 6839.4  
22034 181109 443.652 0 0 6839.43  
682461 181552 443.463 0 0 6839.45  
86341 181987 435.223 0 0 6839.47  
663908 182422 434.432 0 0 6839.5  
701316 182856 434.292 0 0 6839.52  
2674 183288 432.048 0 0 6839.57  
753885 183720 431.862 0 0 6839.58  
639586 184151 430.982 0 0 6839.63  
63056 184577 426.233 0 0 6839.65  
47764 185003 426.119 0 0 6839.72  
1054830 185426 422.612 0 0 6839.73  
2539 185848 421.669 0 0 6839.8  
642336 186269 421.452 0 0 6839.85  
1704 186690 420.533 0 0 6839.9  
3524 187110 420.096 0 0 6839.95  
3949 187528 417.725 0 0 6840  
1180 187945 417.21 0 0 6840.03  
102904 188360 415.73 0 0 6840.08  
1037 188776 415.524 0 0 6840.17  
69932 189191 414.678 0 0 6840.18  
4542 189602 411.434 0 0 6840.22  
69854 190013 410.503 0 0 6840.25  
2317 190422 409.865 0 0 6840.3  
4736 190825 402.976 0 0 6840.38