1072 9639.3 9639.3 0 0 5033.93  
35661 18572.1 8932.76 0 0 5034.6  
482709 24364.2 5792.13 0 0 5035.13  
106 29190.8 4826.66 0 0 5035.5  
663931 33962.4 4771.54 0 0 5035.9  
363 37720.7 3758.31 0 0 5036.58  
929 41367.5 3646.77 0 0 5036.78  
808 44059.3 2691.82 0 0 5036.95  
663606 46432.4 2373.09 0 0 5037.2  
697672 48519.5 2087.11 0 0 5037.4  
832 50524.3 2004.86 0 0 5037.48  
1191 52468.6 1944.25 0 0 5037.58  
27837 54221.2 1752.66 0 0 5037.77  
108624 55912.5 1691.25 0 0 5037.92  
2687 57567.9 1655.44 0 0 5037.98  
110195 59215.1 1647.14 0 0 5038.1  
480 60824.6 1609.55 0 0 5038.22  
4719 62391.4 1566.72 0 0 5038.32  
108602 63912.3 1520.93 0 0 5038.42  
693314 65349.7 1437.39 0 0 5038.53  
1984 66727.7 1378.04 0 0 5038.58  
683704 68087.2 1359.5 0 0 5038.7  
384 69444 1356.78 0 0 5038.75  
773 70719.4 1275.45 0 0 5038.85  
666986 71992.6 1273.12 0 0 5038.97  
682734 73232.7 1240.17 0 0 5039.07  
20012 74468.8 1236.05 0 0 5039.13  
110105 75666.5 1197.76 0 0 5039.23  
663609 76864.3 1197.75 0 0 5039.33  
4 78036.1 1171.85 0 0 5039.43  
1025 79205.6 1169.45 0 0 5039.48  
5996 80368.5 1162.88 0 0 5039.53  
803 81525.5 1157.03 0 0 5039.63  
26085 82652.1 1126.57 0 0 5039.72  
688 83777.2 1125.1 0 0 5039.8  
2633 84896 1118.82 0 0 5039.87  
1024068 86014.2 1118.2 0 0 5039.97  
20364 87127.6 1113.46 0 0 5040.03  
667325 88240.3 1112.64 0 0 5040.12  
1432 89323 1082.74 0 0 5040.18  
1245 90398.1 1075.06 0 0 5040.28  
678519 91450.8 1052.7 0 0 5040.37  
155432 92499.4 1048.59 0 0 5040.47  
20922 93535.3 1035.92 0 0 5040.53  
517 94570.5 1035.19 0 0 5040.62  
664789 95588.4 1017.96 0 0 5040.75  
268337 96604.9 1016.45 0 0 5040.82  
104 97618.6 1013.73 0 0 5040.88  
668899 98630.7 1012.06 0 0 5040.95  
1491 99601 970.341 0 0 5041.02  
1274 100571 969.642 0 0 5041.07  
280436 101534 962.956 0 0 5041.15  
1490 102495 961.422 0 0 5041.23  
22 103448 953.115 0 0 5041.28  
104137 104395 947.014 0 0 5041.35  
664320 105332 937.301 0 0 5041.42  
2526 106267 934.058 0 0 5041.55  
115674 107194 927.179 0 0 5041.63  
197 108116 921.982 0 0 5041.7  
20025 109034 918.196 0 0 5041.75  
115241 109926 891.86 0 0 5041.83  
23841 110811 884.856 0 0 5041.87  
8746 111692 880.955 0 0 5041.93  
1369 112572 880.514 0 0 5041.98  
210 113453 880.495 0 0 5042.1  
707743 114329 876.442 0 0 5042.15  
1034018 115201 872.436 0 0 5042.3  
780027 116046 845.018 0 0 5042.35  
1183 116884 837.058 0 0 5042.42  
21138 117720 836.795 0 0 5042.45  
663560 118548 827.328 0 0 5042.57  
11880 119371 823.333 0 0 5042.6  
341 120188 816.829 0 0 5042.68  
940 121002 814.107 0 0 5042.72  
1846 121809 806.912 0 0 5042.92  
715186 122615 805.804 0 0 5042.97  
6511 123417 802.145 0 0 5043  
2845 124208 791.527 0 0 5043.05  
21473 124987 778.942 0 0 5043.1  
1099803 125762 775.183 0 0 5043.15  
656427 126534 772.063 0 0 5043.2  
1120568 127273 738.777 0 0 5043.27  
71154 127995 721.33 0 0 5043.3  
3425 128712 716.955 0 0 5043.37  
678427 129421 709.32 0 0 5043.4  
3483 130129 707.926 0 0 5043.43  
44006 130834 704.818 0 0 5043.5  
806 131536 702.809 0 0 5043.55  
884 132233 696.479 0 0 5043.6  
705289 132922 688.969 0 0 5043.65  
3100 133610 688.509 0 0 5043.72  
670353 134296 685.814 0 0 5043.77  
93540 134977 680.393 0 0 5043.8  
27804 135657 680.016 0 0 5043.83  
1211 136331 674.888 0 0 5043.87  
106355 137002 670.477 0 0 5043.92  
681398 137671 669.41 0 0 5043.97  
650922 138341 669.179 0 0 5044  
71076 139007 666.243 0 0 5044.05  
2662 139672 665.383 0 0 5044.07  
881 140336 664.118 0 0 5044.13  
37058 140995 659.122 0 0 5044.17  
94298 141646 650.617 0 0 5044.2  
27544 142292 646.386 0 0 5044.37  
17343 142936 643.895 0 0 5044.38  
18859 143578 642.05 0 0 5044.47  
667359 144220 641.835 0 0 5044.53  
21171 144856 635.486 0 0 5044.58  
4898 145485 628.893 0 0 5044.62  
665647 146108 623.278 0 0 5044.65  
1244 146726 618.029 0 0 5044.68  
105478 147344 617.635 0 0 5044.73  
3163 147960 616.557 0 0 5044.77  
24740 148573 612.874 0 0 5044.78  
31843 149185 612.149 0 0 5044.82  
27020 149795 609.836 0 0 5044.83  
705285 150400 604.84 0 0 5044.88  
38385 150999 598.89 0 0 5044.9  
666772 151597 598.567 0 0 5044.95  
3492 152191 594.206 0 0 5044.98  
826 152774 582.8 0 0 5045.03  
44013 153349 574.632 0 0 5045.07  
94027 153923 574.503 0 0 5045.1  
108612 154496 572.316 0 0 5045.12  
723 155067 571.091 0 0 5045.2  
1186 155636 569.268 0 0 5045.23  
1182 156205 568.535 0 0 5045.25  
3102 156769 564.52 0 0 5045.28  
4890 157332 563.295 0 0 5045.32  
104197 157893 560.573 0 0 5045.33  
682680 158444 551.162 0 0 5045.37  
1240 158988 544.186 0 0 5045.4  
686285 159528 539.971 0 0 5045.42  
181088 160066 537.342 0 0 5045.43  
357531 160601 535.525 0 0 5045.52  
718900 161137 535.44 0 0 5045.53  
716475 161660 523.026 0 0 5045.57  
697499 162180 520.577 0 0 5045.58  
681308 162699 519.109 0 0 5045.65  
122396 163217 517.35 0 0 5045.68  
179150 163733 516.55 0 0 5045.72  
1575 164248 514.323 0 0 5045.75  
376 164760 512.939 0 0 5045.77  
75544 165273 512.763 0 0 5045.82  
78731 165786 512.443 0 0 5045.83  
2783 166293 507.803 0 0 5045.87  
27815 166797 503.681 0 0 5045.9  
681709 167300 502.349 0 0 5045.92  
666717 167801 501.475 0 0 5045.95  
22015 168302 501.461 0 0 5045.97  
4956 168803 500.774 0 0 5046  
3307 169303 499.778 0 0 5046.02  
254927 169801 498.281 0 0 5046.05  
667437 170299 498.165 0 0 5046.08  
27802 170796 496.683 0 0 5046.12  
1259 171292 495.826 0 0 5046.15  
1227 171787 495.217 0 0 5046.18  
1014440 172273 486.067 0 0 5046.22  
17846 172757 483.844 0 0 5046.23  
404 173241 483.491 0 0 5046.3  
1986 173721 480.781 0 0 5046.33  
47 174200 478.755 0 0 5046.35  
890 174676 476.209 0 0 5046.38  
663579 175152 475.907 0 0 5046.42  
667698 175627 474.909 0 0 5046.45  
77839 176098 470.98 0 0 5046.47  
106991 176564 465.644 0 0 5046.5  
222725 177027 463.118 0 0 5046.52  
8424 177490 462.924 0 0 5046.53  
9292 177950 460.609 0 0 5046.57  
4222 178410 459.764 0 0 5046.58  
702 178870 459.647 0 0 5046.62  
1451 179322 452.343 0 0 5046.65  
62876 179771 448.707 0 0 5046.68  
29150 180218 447.165 0 0 5046.7  
105328 180665 447.094 0 0 5046.72  
22034 181109 443.652 0 0 5046.75  
682461 181552 443.463 0 0 5046.77  
86341 181987 435.223 0 0 5046.78  
663908 182422 434.432 0 0 5046.8  
701316 182856 434.292 0 0 5046.83  
2674 183288 432.048 0 0 5046.87  
753885 183720 431.862 0 0 5046.88  
639586 184151 430.982 0 0 5046.92  
63056 184577 426.233 0 0 5046.93  
47764 185003 426.119 0 0 5046.97  
1054830 185426 422.612 0 0 5046.98  
2539 185848 421.669 0 0 5047.03  
642336 186269 421.452 0 0 5047.07  
1704 186690 420.533 0 0 5047.1  
3524 187110 420.096 0 0 5047.13  
3949 187528 417.725 0 0 5047.17  
1180 187945 417.21 0 0 5047.2  
102904 188360 415.73 0 0 5047.22  
1037 188776 415.524 0 0 5047.28  
69932 189191 414.678 0 0 5047.3  
4542 189602 411.434 0 0 5047.32  
69854 190013 410.503 0 0 5047.33  
2317 190422 409.865 0 0 5047.37  
4736 190825 402.976 0 0 5047.43  
