1072 10167.7 10167.7 0 0 30.4667  0 0 1134890
35661 18763.8 8596.11 0 0 31.95  0 0 4
482709 24701.3 5937.47 0 0 33.7  0 0 4
106 29673.5 4972.19 0 0 35.5667  0 0 4
663931 34526.7 4853.18 0 0 37.4333  0 0 4
363 38580.9 4054.19 0 0 39.3333  0 0 4
929 42170.3 3589.42 0 0 41.2667  0 0 4
808 44913.9 2743.59 0 0 43.2  0 0 4
663606 47327 2413.16 0 0 45.1667  0 0 4
697672 49415.9 2088.91 0 0 47.1167  0 0 4
832 51492 2076.11 0 0 49.1  0 0 4
1191 53508 2016.01 0 0 51.1333  0 0 4
27837 55255.6 1747.59 0 0 53.1833  0 0 4
108624 56963 1707.36 0 0 55.2667  0 0 4
480 58661.8 1698.82 0 0 57.3667  0 0 4
2687 60307.9 1646.12 0 0 59.4667  0 0 4
110195 61972.3 1664.41 0 0 61.5833  0 0 4
4719 63625.4 1653.04 0 0 63.6667  0 0 4
108602 65137.2 1511.85 0 0 65.7667  0 0 4
693314 66633.6 1496.4 0 0 67.9167  0 0 4
1984 68027.5 1393.85 0 0 70.0667  0 0 4
683704 69428.2 1400.72 0 0 72.2333  0 0 4
384 70821.2 1392.97 0 0 74.4167  0 0 4
773 72168.9 1347.7 0 0 76.6167  0 0 4
666986 73450.8 1281.92 0 0 78.8333  0 0 4
682734 74735.2 1284.4 0 0 81.05  0 0 4
20012 75997.2 1262.04 0 0 83.2833  0 0 4
4 77258.2 1261 0 0 85.5333  0 0 4
803 78458.7 1200.49 0 0 87.7833  0 0 4
663609 79649.7 1191.01 0 0 90.0667  0 0 4
110105 80861.5 1211.73 0 0 92.3333  0 0 4
5996 82064.4 1202.89 0 0 94.6167  0 0 4
1025 83258.8 1194.47 0 0 96.9167  0 0 4
688 84434.8 1175.96 0 0 99.2333  0 0 4
1245 85595.3 1160.53 0 0 101.55  0 0 4
26085 86715 1119.7 0 0 106.2  0 0 6
20364 87856.5 1141.49 0 0 108.567  0 0 4
1432 88985.2 1128.66 0 0 110.933  0 0 4
2633 90104.8 1119.68 0 0 113.333  0 0 4
1024068 91220.9 1116.06 0 0 115.717  0 0 4
667325 92350.5 1129.64 0 0 118.117  0 0 4
517 93452.9 1102.37 0 0 120.517  0 0 4
664789 94514.2 1061.29 0 0 122.95  0 0 4
104 95571.2 1056.98 0 0 125.383  0 0 4
678519 96623.6 1052.38 0 0 127.833  0 0 4
2526 97691.5 1067.94 0 0 130.3  0 0 4
20922 98702.6 1011.13 0 0 137.7  0 0 9
1491 99762.8 1060.18 0 0 140.2  0 0 4
155432 100791 1028.32 0 0 142.7  0 0 4
1490 101842 1051.14 0 0 145.217  0 0 4
1274 102835 993.106 0 0 147.733  0 0 4
268337 103835 999.552 0 0 150.267  0 0 4
197 104837 1002.01 0 0 152.817  0 0 4
668899 105828 990.568 0 0 155.367  0 0 4
22 106841 1013.96 0 0 157.933  0 0 4
210 107830 988.968 0 0 160.533  0 0 4
280436 108762 932.074 0 0 163.117  0 0 4
664320 109729 966.659 0 0 165.7  0 0 4
1034018 110694 964.618 0 0 168.3  0 0 4
104137 111622 928.656 0 0 173.55  0 0 7
115674 112566 943.724 0 0 176.2  0 0 4
20025 113502 935.586 0 0 178.833  0 0 4
663560 114438 935.912 0 0 181.483  0 0 4
1369 115335 896.944 0 0 184.167  0 0 4
1846 116251 916.273 0 0 186.85  0 0 4
23841 117076 825.608 0 0 194.933  0 0 12
8746 117975 898.673 0 0 197.633  0 0 4
115241 118862 886.636 0 0 200.35  0 0 4
1183 119752 890.597 0 0 203.067  0 0 4
707743 120627 874.833 0 0 205.8  0 0 4
341 121509 881.677 0 0 208.533  0 0 4
715186 122293 784.548 0 0 211.267  0 0 4
21473 123106 812.234 0 0 214.017  0 0 4
940 123957 851.253 0 0 216.767  0 0 4
21138 124804 846.821 0 0 219.533  0 0 4
11880 125649 845.419 0 0 222.283  0 0 4
780027 126488 839.214 0 0 225.05  0 0 4
6511 127342 853.715 0 0 227.833  0 0 4
656427 128129 787.3 0 0 230.617  0 0 4
2845 128962 832.208 0 0 233.4  0 0 4
1099803 129730 768.614 0 0 236.217  0 0 4
1120568 130505 774.731 0 0 239.033  0 0 4
3100 131267 761.975 0 0 241.85  0 0 4
806 132003 735.873 0 0 244.683  0 0 4
3483 132724 721.136 0 0 247.517  0 0 4
884 133464 740.182 0 0 250.333  0 0 4
71154 134190 725.993 0 0 253.183  0 0 4
3425 134925 734.775 0 0 256.05  0 0 4
44006 135649 723.627 0 0 258.9  0 0 4
881 136346 697.378 0 0 264.65  0 0 8
1211 137042 696.034 0 0 267.533  0 0 4
678427 137743 701.104 0 0 270.417  0 0 4
650922 138457 713.553 0 0 273.283  0 0 4
71076 139152 695.345 0 0 276.183  0 0 4
705289 139842 690.278 0 0 279.083  0 0 4
93540 140538 695.691 0 0 281.983  0 0 4
670353 141229 690.992 0 0 284.9  0 0 4
27544 141921 691.982 0 0 287.8  0 0 4
27804 142580 659.594 0 0 296.55  0 0 10
681398 143264 683.683 0 0 299.483  0 0 4
106355 143943 678.516 0 0 302.417  0 0 4
17343 144620 677.641 0 0 305.35  0 0 4
37058 145293 672.692 0 0 308.3  0 0 4
2662 145968 675.484 0 0 311.233  0 0 4
667359 146636 667.641 0 0 314.183  0 0 4
18859 147305 668.626 0 0 317.133  0 0 4
94298 147953 648.16 0 0 320.1  0 0 4
3163 148588 635.266 0 0 323.083  0 0 4
826 149223 634.701 0 0 326.067  0 0 4
21171 149859 636.226 0 0 332.05  0 0 8
4898 150497 637.99 0 0 335.033  0 0 4
665647 151147 649.852 0 0 338.033  0 0 4
27020 151779 632.271 0 0 341.033  0 0 4
105478 152413 634.225 0 0 344.05  0 0 4
1244 153038 624.522 0 0 347.05  0 0 4
38385 153669 631.348 0 0 350.067  0 0 4
31843 154288 618.335 0 0 353.083  0 0 4
3492 154915 627.227 0 0 356.1  0 0 4
357531 155530 614.905 0 0 359.133  0 0 4
24740 156122 592.405 0 0 368.233  0 0 11
723 156744 621.649 0 0 371.283  0 0 4
705285 157342 598.275 0 0 374.333  0 0 4
1186 157938 596.237 0 0 377.367  0 0 4
666772 158532 593.977 0 0 380.417  0 0 4
3102 159132 599.647 0 0 383.483  0 0 4
4890 159718 585.963 0 0 386.533  0 0 4
44013 160303 585.077 0 0 389.6  0 0 4
108612 160886 582.543 0 0 392.667  0 0 4
94027 161472 586.448 0 0 395.733  0 0 4
1182 162055 582.557 0 0 398.75  0 0 4
104197 162636 581.415 0 0 401.783  0 0 4
1240 163207 570.61 0 0 404.867  0 0 4
718900 163753 546.675 0 0 407.933  0 0 4
682680 164308 554.59 0 0 411.017  0 0 4
404 164871 563.282 0 0 414.117  0 0 4
1259 165394 523.277 0 0 429.617  0 0 18
1575 165923 528.815 0 0 435.833  0 0 8
181088 166460 536.754 0 0 438.933  0 0 4
686285 167001 541.38 0 0 442.05  0 0 4
376 167545 543.787 0 0 445.183  0 0 4
716475 168081 535.676 0 0 448.3  0 0 4
681308 168613 532.324 0 0 451.433  0 0 4
1227 169137 524.133 0 0 454.567  0 0 4
179150 169659 521.441 0 0 457.717  0 0 4
3307 170184 525.746 0 0 460.867  0 0 4
75544 170709 524.937 0 0 464.017  0 0 4
890 171229 519.483 0 0 467.167  0 0 4
697499 171735 505.862 0 0 470.333  0 0 4
666717 172248 513.693 0 0 473.483  0 0 4
27815 172759 511.036 0 0 476.633  0 0 4
681709 173268 508.967 0 0 479.8  0 0 4
4956 173778 509.585 0 0 482.967  0 0 4
667437 174279 501.458 0 0 486.133  0 0 4
27802 174789 509.944 0 0 489.3  0 0 4
1014440 175284 494.946 0 0 492.467  0 0 4
78731 175803 518.681 0 0 495.65  0 0 4
2783 176327 523.651 0 0 498.817  0 0 4
22015 176838 511.122 0 0 502  0 0 4
122396 177352 513.874 0 0 505.183  0 0 4
254927 177873 521.72 0 0 508.383  0 0 4
1986 178373 499.294 0 0 511.567  0 0 4
1451 178866 492.866 0 0 514.767  0 0 4
9292 179349 483.304 0 0 517.95  0 0 4
1037 179829 480.465 0 0 521.167  0 0 4
47 180292 462.746 0 0 534.017  0 0 15
77839 180778 486.14 0 0 537.233  0 0 4
3524 181256 477.944 0 0 540.45  0 0 4
667698 181713 457.31 0 0 546.9  0 0 8
702 182193 479.917 0 0 550.117  0 0 4
663579 182668 474.908 0 0 553.333  0 0 4
17846 183149 481.123 0 0 556.55  0 0 4
106991 183635 485.206 0 0 559.783  0 0 4
4222 184110 475.287 0 0 563  0 0 4
8424 184580 469.696 0 0 566.233  0 0 4
62876 185050 470.192 0 0 569.483  0 0 4
22034 185505 455.248 0 0 575.95  0 0 8
663908 185953 447.655 0 0 579.2  0 0 4
222725 186416 462.796 0 0 582.433  0 0 4
1180 186871 455.71 0 0 585.7  0 0 4
642336 187312 440.459 0 0 588.95  0 0 4
29150 187768 455.987 0 0 592.2  0 0 4
2674 188209 441.273 0 0 595.45  0 0 4
105328 188662 452.713 0 0 598.717  0 0 4
47764 189100 437.906 0 0 601.983  0 0 4
682461 189547 447.109 0 0 608.517  0 0 6
1704 190010 463.067 0 0 611.783  0 0 4
86341 190439 429.681 0 0 615.05  0 0 4
102904 190880 441.006 0 0 618.333  0 0 4
701316 191312 431.611 0 0 621.633  0 0 4
2539 191752 439.761 0 0 624.917  0 0 4
3949 192176 424.702 0 0 628.217  0 0 4
69932 192603 426.564 0 0 631.5  0 0 4
1070 193042 439.287 0 0 634.8  0 0 4
639586 193470 427.699 0 0 638.1  0 0 4
4542 193899 428.769 0 0 641.417  0 0 4
168 194322 423.679 0 0 644.733  0 0 4
63056 194737 414.254 0 0 654.667  0 0 10
753885 195166 429.309 0 0 657.983  0 0 4
1272 195587 420.459 0 0 661.317  0 0 4
34 195995 408.272 0 0 667.967  0 0 8
